{
    "experiment": "projectile_experiment ",
    "ppid": "123",
    "session_num": 1,
    "trial_num": 18,
    "block_num": 3,
    "trial_num_in_block": 6,
    "start_time": 70.027984619140625,
    "end_time": 72.382164001464844,
    "hand": "r",
    "target_hit": true,
    "type": "projectile",
    "target_position": {
        "x": 0,
        "y": -0.0820000022649765,
        "z": 1.1540000438690186
    },
    "target_angle": 0,
    "launch_direction": {
        "x": -0.069915182888507843,
        "y": 0.40861031413078308,
        "z": 0.9100271463394165
    },
    "water_current_x": 0,
    "water_current_z": 0,
    "launch_angle": 24.490888595581055,
    "launch_angle_error": 24.490888595581055,
    "ball_pos_x": "-0.005333,-0.007999,-0.013332,-0.015998,-0.018664,-0.023997,-0.026271,-0.030087,-0.031992,-0.033896,-0.037705,-0.039610,-0.043419,-0.045323,-0.047228,-0.051037,-0.052941,-0.056751,-0.058655,-0.060560,-0.064369,-0.066273,-0.068178,-0.071987,-0.073891,-0.077700,-0.079605,-0.081510,-0.083414",
    "ball_pos_z": "0.069411,0.104117,0.173528,0.208234,0.242940,0.312351,0.341946,0.391617,0.416407,0.441196,0.490776,0.515566,0.565145,0.589935,0.614725,0.664304,0.689094,0.738674,0.763464,0.788253,0.837833,0.862623,0.887413,0.936992,0.961782,1.011362,1.036151,1.060941,1.085731",
    "ball_time": "70.474580,70.487500,70.501560,70.515560,70.529590,70.543250,70.557060,70.571040,70.585080,70.598960,70.612980,70.626720,70.640750,70.654570,70.668650,70.683120,70.696340,70.710250,70.724240,70.738040,70.752010,70.765910,70.779850,70.793840,70.807740,70.821530,70.835580,70.849500,70.863420",
    "distance_from_target": 0.12825293838977814,
    "total_score": 56,
    "step_0_time": 70.418045043945313,
    "step_1_time": 70.459999084472656,
    "step_2_time": 70.863418579101563
}