{
    "experiment": "projectile_experiment ",
    "ppid": "123",
    "session_num": 1,
    "trial_num": 14,
    "block_num": 3,
    "trial_num_in_block": 2,
    "start_time": 59.4617919921875,
    "end_time": 61.9953727722168,
    "hand": "r",
    "target_hit": true,
    "type": "projectile",
    "target_position": {
        "x": 0.20348133146762848,
        "y": -0.0820000022649765,
        "z": 1.1540000438690186
    },
    "target_angle": 10,
    "launch_direction": {
        "x": 0.10121920704841614,
        "y": 0.21545927226543427,
        "z": 0.97125279903411865
    },
    "water_current_x": 0,
    "water_current_z": 0,
    "launch_angle": 13.771503448486328,
    "launch_angle_error": 3.7715034484863281,
    "ball_pos_x": "0.006350,0.009524,0.015874,0.019049,0.022223,0.028573,0.031216,0.033487,0.038022,0.040290,0.044826,0.047093,0.049361,0.053896,0.056164,0.060699,0.062967,0.065235,0.069770,0.072038,0.076573,0.078841,0.081109,0.085644,0.087912,0.092447,0.094715,0.096982,0.101518,0.103785,0.106053,0.110589,0.112856",
    "ball_pos_z": "0.060927,0.091391,0.152318,0.182782,0.213245,0.274173,0.299538,0.321326,0.364846,0.386606,0.430125,0.451885,0.473644,0.517164,0.538924,0.582443,0.604203,0.625963,0.669482,0.691242,0.734761,0.756521,0.778281,0.821800,0.843560,0.887079,0.908839,0.930599,0.974118,0.995878,1.017638,1.061157,1.082917",
    "ball_time": "60.032940,60.046130,60.060180,60.073970,60.087940,60.101960,60.115700,60.129630,60.143570,60.157530,60.171510,60.185280,60.199220,60.213170,60.227210,60.241800,60.254900,60.269020,60.282730,60.296600,60.310630,60.324650,60.338460,60.352560,60.366320,60.380080,60.394160,60.408060,60.421960,60.436190,60.449830,60.463830,60.477890",
    "distance_from_target": 0.13452118635177612,
    "total_score": 41,
    "step_0_time": 59.962612152099609,
    "step_1_time": 60.020000457763672,
    "step_2_time": 60.4778938293457
}