{
    "experiment": "projectile_experiment ",
    "ppid": "123",
    "session_num": 1,
    "trial_num": 37,
    "block_num": 7,
    "trial_num_in_block": 1,
    "start_time": 142.90969848632813,
    "end_time": 145.59709167480469,
    "hand": "r",
    "target_hit": false,
    "type": "projectile",
    "target_position": {
        "x": 0,
        "y": -0.0820000022649765,
        "z": 1.1540000438690186
    },
    "target_angle": 0,
    "launch_direction": {
        "x": 0.53302633762359619,
        "y": 0.14744599163532257,
        "z": 0.833152174949646
    },
    "water_current_x": 0,
    "water_current_z": 0,
    "launch_angle": 33.576076507568359,
    "launch_angle_error": 33.576076507568359,
    "ball_pos_x": "0.014019,0.042056,0.056074,0.084111,0.098130,0.112148,0.137423,0.147446,0.167472,0.177486,0.187499,0.207525,0.217539,0.227552,0.247578,0.257592,0.277618,0.287631,0.297645,0.317671,0.327684,0.347711,0.357724,0.367737,0.387764,0.397777,0.417803,0.427816,0.437830,0.457856,0.467869,0.487896,0.497909,0.507922,0.527949,0.537962,0.557988,0.568002,0.578015,0.598041,0.608054,0.628081,0.638094,0.648107,0.668134,0.678147,0.688160",
    "ball_pos_z": "0.021912,0.065735,0.087647,0.131471,0.153383,0.175294,0.214800,0.230467,0.261770,0.277421,0.293072,0.324375,0.340026,0.355677,0.386980,0.402631,0.433934,0.449585,0.465236,0.496539,0.512190,0.543493,0.559144,0.574795,0.606098,0.621749,0.653052,0.668703,0.684354,0.715657,0.731308,0.762611,0.778262,0.793913,0.825216,0.840867,0.872170,0.887821,0.903472,0.934775,0.950426,0.981729,0.997380,1.013031,1.044334,1.059985,1.075636",
    "ball_time": "143.439000,143.452900,143.466700,143.480700,143.494600,143.508500,143.522500,143.536200,143.550200,143.565100,143.578300,143.592400,143.606200,143.619900,143.633900,143.647900,143.661700,143.675500,143.689400,143.703300,143.717300,143.731400,143.745600,143.759400,143.773400,143.787300,143.801200,143.815200,143.829200,143.843200,143.857100,143.871000,143.885000,143.898900,143.913000,143.926900,143.940900,143.954900,143.968700,143.982900,143.996900,144.010600,144.024700,144.039000,144.052600,144.066400,144.080400",
    "distance_from_target": 0.69608592987060547,
    "total_score": 64,
    "step_0_time": 143.36915588378906,
    "step_1_time": 143.42999267578125,
    "step_2_time": 144.08035278320313
}