{
    "experiment": "projectile_experiment ",
    "ppid": "123",
    "session_num": 1,
    "trial_num": 12,
    "block_num": 2,
    "trial_num_in_block": 6,
    "start_time": 54.019550323486328,
    "end_time": 56.706802368164063,
    "hand": "r",
    "target_hit": true,
    "type": "projectile",
    "target_position": {
        "x": 0,
        "y": -0.0820000022649765,
        "z": 1.1540000438690186
    },
    "target_angle": 0,
    "launch_direction": {
        "x": -0.0930047556757927,
        "y": 0.38273674249649048,
        "z": 0.91916418075561523
    },
    "water_current_x": 0,
    "water_current_z": 0,
    "launch_angle": 23.1958065032959,
    "launch_angle_error": 23.1958065032959,
    "ball_pos_x": "-0.003271,-0.009812,-0.013083,-0.019624,-0.022895,-0.026165,-0.032190,-0.034530,-0.039202,-0.041539,-0.043875,-0.048547,-0.050883,-0.055556,-0.057892,-0.060228,-0.064900,-0.067236,-0.071909,-0.074245,-0.076581,-0.081254,-0.083590,-0.088262,-0.090598,-0.092934,-0.097607,-0.099943,-0.102279,-0.106951,-0.109288",
    "ball_pos_z": "0.032324,0.096971,0.129295,0.193943,0.226266,0.258590,0.318138,0.341259,0.387436,0.410524,0.433613,0.479790,0.502878,0.549055,0.572143,0.595232,0.641408,0.664497,0.710674,0.733762,0.756850,0.803027,0.826115,0.872292,0.895381,0.918469,0.964646,0.987734,1.010823,1.057000,1.080088",
    "ball_time": "54.770000,54.783980,54.797970,54.812440,54.825710,54.839580,54.853580,54.867510,54.881470,54.895110,54.909060,54.923030,54.936970,54.950920,54.964890,54.978550,54.992600,55.006580,55.020460,55.034430,55.048380,55.062170,55.076160,55.090080,55.104160,55.118060,55.131870,55.145750,55.159660,55.173730,55.187610",
    "distance_from_target": 0.14912082254886627,
    "total_score": 31,
    "step_0_time": 54.714500427246094,
    "step_1_time": 54.7599983215332,
    "step_2_time": 55.187606811523438
}