{
    "experiment": "projectile_experiment ",
    "ppid": "123",
    "session_num": 1,
    "trial_num": 15,
    "block_num": 3,
    "trial_num_in_block": 3,
    "start_time": 61.9953727722168,
    "end_time": 64.626518249511719,
    "hand": "r",
    "target_hit": false,
    "type": "projectile",
    "target_position": {
        "x": 0,
        "y": -0.0820000022649765,
        "z": 1.1540000438690186
    },
    "target_angle": 0,
    "launch_direction": {
        "x": 0.22479385137557983,
        "y": 0.30563870072364807,
        "z": 0.92523115873336792
    },
    "water_current_x": 0,
    "water_current_z": 0,
    "launch_angle": 22.296764373779297,
    "launch_angle_error": 22.296764373779297,
    "ball_pos_x": "0.004840,0.014520,0.019359,0.029039,0.033879,0.038719,0.047188,0.050647,0.057561,0.061018,0.064475,0.071389,0.074846,0.081760,0.085217,0.088674,0.095588,0.099046,0.102503,0.109417,0.112874,0.119788,0.123245,0.126702,0.133616,0.137073,0.143987,0.147444,0.150901,0.157815,0.161272,0.168186,0.171643,0.175100,0.182015,0.185472,0.192386,0.195843,0.199300,0.206214,0.209671,0.213128,0.220042,0.223499,0.230413,0.233870,0.237327,0.244241,0.247698,0.254612,0.258069,0.261526",
    "ball_pos_z": "0.019920,0.059761,0.079682,0.119523,0.139443,0.159364,0.194223,0.208458,0.236916,0.251145,0.265373,0.293831,0.308060,0.336518,0.350747,0.364976,0.393433,0.407662,0.421891,0.450349,0.464578,0.493036,0.507264,0.521493,0.549951,0.564180,0.592638,0.606867,0.621095,0.649553,0.663782,0.692240,0.706469,0.720698,0.749155,0.763384,0.791842,0.806071,0.820300,0.848758,0.862986,0.877215,0.905673,0.919902,0.948360,0.962589,0.976817,1.005275,1.019504,1.047962,1.062191,1.076420",
    "ball_time": "62.399110,62.413030,62.427020,62.440930,62.455010,62.468780,62.482710,62.496710,62.510590,62.524640,62.539150,62.552310,62.566200,62.580300,62.594220,62.608120,62.621970,62.635760,62.649820,62.663710,62.677620,62.691520,62.705410,62.719370,62.733270,62.747280,62.761340,62.775150,62.789110,62.802880,62.816860,62.830780,62.844850,62.858730,62.872620,62.886440,62.900450,62.914340,62.928550,62.942180,62.956160,62.969980,62.984090,62.997900,63.012010,63.025900,63.039710,63.053570,63.067510,63.081480,63.095420,63.109330",
    "distance_from_target": 0.28150486946105957,
    "total_score": 41,
    "step_0_time": 62.3156852722168,
    "step_1_time": 62.389999389648438,
    "step_2_time": 63.109325408935547
}