{
    "experiment": "projectile_experiment ",
    "ppid": "test",
    "session_num": 1,
    "trial_num": 4,
    "block_num": 1,
    "trial_num_in_block": 4,
    "start_time": 24.037683486938477,
    "end_time": 26.899354934692383
}    "type": "reach",
    "home_pos": {
        "x": 0,
        "y": 0,
        "z": 0
    },
    "target_angle": 100,
    "target_size_m": 0.0099999997764825821,
    "cursor_pos": {
        "x": -0.0085009168833494186,
        "y": 0,
        "z": 0.068281404674053192
    }
}