{
    "experiment": "projectile_experiment ",
    "ppid": "123",
    "session_num": 1,
    "trial_num": 42,
    "block_num": 7,
    "trial_num_in_block": 6,
    "start_time": 160.25837707519531,
    "end_time": 163.62615966796875,
    "hand": "r",
    "target_hit": true,
    "type": "projectile",
    "target_position": {
        "x": 0.20348133146762848,
        "y": -0.0820000022649765,
        "z": 1.1540000438690186
    },
    "target_angle": 10,
    "launch_direction": {
        "x": 0.20511676371097565,
        "y": 0.34571459889411926,
        "z": 0.915646493434906
    },
    "water_current_x": 0,
    "water_current_z": 0,
    "launch_angle": 23.702295303344727,
    "launch_angle_error": 13.702295303344727,
    "ball_pos_x": "0.010596,0.015894,0.026491,0.031789,0.037087,0.047683,0.051861,0.059433,0.063217,0.067001,0.074570,0.078355,0.085923,0.089708,0.093492,0.101061,0.104845,0.112414,0.116198,0.119983,0.127552,0.131336,0.138905,0.142689,0.146473,0.154042,0.157827,0.161611,0.169180,0.172964,0.180533,0.184317,0.188102,0.195670,0.199455,0.207023,0.210808,0.214592,0.222161,0.225945,0.233514,0.237298,0.241083",
    "ball_pos_z": "0.047302,0.070953,0.118255,0.141906,0.165557,0.212859,0.231508,0.265309,0.282203,0.299096,0.332883,0.349777,0.383564,0.400458,0.417351,0.451138,0.468032,0.501819,0.518713,0.535606,0.569393,0.586287,0.620074,0.636968,0.653861,0.687648,0.704542,0.721435,0.755222,0.772116,0.805903,0.822797,0.839690,0.873477,0.890371,0.924158,0.941052,0.957945,0.991732,1.008626,1.042413,1.059306,1.076200",
    "ball_time": "161.524600,161.537900,161.551600,161.565500,161.579500,161.593400,161.607300,161.621300,161.635300,161.649100,161.663000,161.677000,161.691000,161.704900,161.718700,161.733500,161.746600,161.760600,161.774400,161.788500,161.802300,161.816200,161.830200,161.844100,161.858100,161.871900,161.885800,161.899700,161.913700,161.927600,161.941500,161.955500,161.969500,161.983300,161.997300,162.011100,162.025100,162.038900,162.052900,162.066900,162.080700,162.094600,162.108600",
    "distance_from_target": 0.11089175194501877,
    "total_score": 81,
    "step_0_time": 161.4403076171875,
    "step_1_time": 161.50999450683594,
    "step_2_time": 162.108642578125
}