{
    "experiment": "projectile_experiment ",
    "ppid": "123",
    "session_num": 1,
    "trial_num": 50,
    "block_num": 9,
    "trial_num_in_block": 2,
    "start_time": 193.8516845703125,
    "end_time": 196.53727722167969,
    "hand": "r",
    "target_hit": true,
    "type": "projectile",
    "target_position": {
        "x": 0.20348133146762848,
        "y": -0.0820000022649765,
        "z": 1.1540000438690186
    },
    "target_angle": 10,
    "launch_direction": {
        "x": 0.23880858719348907,
        "y": 0.45463031530380249,
        "z": 0.858068585395813
    },
    "water_current_x": 0,
    "water_current_z": 0,
    "launch_angle": 30.899581909179688,
    "launch_angle_error": 20.899581909179688,
    "ball_pos_x": "0.006723,0.013447,0.026894,0.033617,0.047064,0.053787,0.060511,0.070666,0.075469,0.085074,0.089876,0.094678,0.104283,0.109086,0.118691,0.123493,0.128295,0.137900,0.142703,0.152308,0.157110,0.161912,0.171517,0.176320,0.181122,0.190727,0.195529,0.205134,0.209937,0.214739,0.224344,0.229146,0.238751,0.243554,0.248356,0.257961,0.262763,0.272368,0.277171,0.281973,0.291578,0.296380,0.301183",
    "ball_pos_z": "0.024158,0.048316,0.096632,0.120790,0.169106,0.193264,0.217422,0.253913,0.271169,0.305680,0.322936,0.340191,0.374703,0.391958,0.426470,0.443725,0.460981,0.495493,0.512748,0.547260,0.564515,0.581771,0.616282,0.633538,0.650794,0.685305,0.702561,0.737072,0.754328,0.771583,0.806095,0.823350,0.857862,0.875117,0.892373,0.926884,0.944140,0.978651,0.995907,1.013163,1.047674,1.064930,1.082185",
    "ball_time": "194.435800,194.449600,194.463500,194.477200,194.491100,194.505200,194.519900,194.533000,194.547000,194.560700,194.574800,194.588700,194.602700,194.616600,194.630600,194.644300,194.658400,194.672300,194.686200,194.700100,194.714100,194.728100,194.741900,194.755900,194.769800,194.783700,194.797800,194.811500,194.825400,194.839500,194.853600,194.867300,194.881200,194.895200,194.908800,194.922900,194.937000,194.950800,194.964900,194.978800,194.992700,195.006700,195.020400",
    "distance_from_target": 0.13976110517978668,
    "total_score": 117,
    "step_0_time": 194.36605834960938,
    "step_1_time": 194.42999267578125,
    "step_2_time": 195.02044677734375
}