{
    "experiment": "projectile_experiment ",
    "ppid": "123",
    "session_num": 1,
    "trial_num": 52,
    "block_num": 9,
    "trial_num_in_block": 4,
    "start_time": 199.2989501953125,
    "end_time": 206.25416564941406,
    "hand": "r",
    "target_hit": false,
    "type": "projectile",
    "target_position": {
        "x": 0,
        "y": -0.0820000022649765,
        "z": 1.1540000438690186
    },
    "target_angle": 0,
    "launch_direction": {
        "x": -0.1283542811870575,
        "y": 0.60129302740097046,
        "z": 0.78865200281143188
    },
    "water_current_x": 0,
    "water_current_z": 0,
    "launch_angle": 37.940284729003906,
    "launch_angle_error": 37.940284729003906,
    "ball_pos_x": "-0.007369,-0.011053,-0.018422,-0.022106,-0.025790,-0.033159,-0.036020,-0.041285,-0.043917,-0.046549,-0.051812,-0.054444,-0.059707,-0.062339,-0.064970,-0.070234,-0.072865,-0.078129,-0.080760,-0.083392,-0.088655,-0.091287,-0.093919,-0.099182,-0.101814,-0.107077,-0.109709,-0.112341,-0.117604,-0.120236,-0.125499,-0.128131,-0.130762,-0.136026,-0.138657,-0.143921,-0.146552,-0.149184,-0.154447,-0.157079,-0.162342,-0.164974,-0.167606,-0.172869,-0.175501",
    "ball_pos_z": "0.045276,0.067914,0.113189,0.135827,0.158465,0.203741,0.221319,0.253670,0.269840,0.286010,0.318350,0.334520,0.366860,0.383030,0.399200,0.431539,0.447709,0.480049,0.496219,0.512389,0.544729,0.560899,0.577069,0.609408,0.625578,0.657918,0.674088,0.690258,0.722598,0.738768,0.771107,0.787277,0.803447,0.835787,0.851957,0.884297,0.900467,0.916637,0.948976,0.965146,0.997486,1.013656,1.029826,1.062166,1.078336",
    "ball_time": "204.124500,204.137800,204.151400,204.165400,204.179300,204.193300,204.207100,204.221000,204.234900,204.248800,204.263000,204.276800,204.291400,204.304600,204.318700,204.333300,204.346400,204.360400,204.374300,204.388200,204.402100,204.416000,204.430000,204.444100,204.457900,204.471800,204.485700,204.499600,204.513700,204.527500,204.541600,204.555400,204.569400,204.583200,204.597100,204.611200,204.624900,204.639000,204.653000,204.666800,204.681000,204.694600,204.708500,204.722500,204.736400",
    "distance_from_target": 0.20336149632930756,
    "total_score": 118,
    "step_0_time": 204.05426025390625,
    "step_1_time": 204.11000061035156,
    "step_2_time": 204.73641967773438
}