{
    "experiment": "projectile_experiment ",
    "ppid": "123",
    "session_num": 1,
    "trial_num": 16,
    "block_num": 3,
    "trial_num_in_block": 4,
    "start_time": 64.626518249511719,
    "end_time": 67.27166748046875,
    "hand": "r",
    "target_hit": true,
    "type": "projectile",
    "target_position": {
        "x": -0.20348133146762848,
        "y": -0.0820000022649765,
        "z": 1.1540000438690186
    },
    "target_angle": -10,
    "launch_direction": {
        "x": -0.20037223398685455,
        "y": 0.53621536493301392,
        "z": 0.81995368003845215
    },
    "water_current_x": 0,
    "water_current_z": 0,
    "launch_angle": 34.919845581054688,
    "launch_angle_error": 24.919845581054688,
    "ball_pos_x": "-0.009458,-0.014187,-0.018916,-0.028374,-0.033103,-0.037833,-0.046074,-0.049453,-0.056209,-0.059586,-0.062964,-0.069720,-0.073098,-0.079854,-0.083232,-0.086610,-0.093365,-0.096743,-0.103499,-0.106877,-0.110255,-0.117011,-0.120389,-0.127145,-0.130522,-0.133900,-0.140656,-0.144034,-0.150790,-0.154168,-0.157546,-0.164301,-0.167679,-0.171057,-0.177813,-0.181191,-0.187947,-0.191325,-0.194703,-0.201458,-0.204836,-0.211592,-0.214970,-0.218348,-0.225104,-0.228482,-0.235237,-0.238615,-0.241993,-0.248749,-0.252127,-0.258883,-0.262261",
    "ball_pos_z": "0.038704,0.058056,0.077408,0.116112,0.135464,0.154816,0.188541,0.202368,0.230014,0.243837,0.257660,0.285306,0.299129,0.326774,0.340597,0.354420,0.382066,0.395889,0.423534,0.437357,0.451180,0.478826,0.492649,0.520295,0.534118,0.547941,0.575586,0.589409,0.617055,0.630878,0.644701,0.672347,0.686170,0.699993,0.727638,0.741461,0.769107,0.782930,0.796753,0.824399,0.838222,0.865868,0.879690,0.893513,0.921159,0.934982,0.962628,0.976451,0.990274,1.017920,1.031742,1.059388,1.073211",
    "ball_time": "65.030250,65.044940,65.058140,65.072010,65.086040,65.099910,65.113610,65.127730,65.141580,65.155430,65.169340,65.183380,65.197270,65.211300,65.225200,65.239070,65.253720,65.267030,65.280930,65.294940,65.309060,65.322980,65.336610,65.350520,65.364400,65.378500,65.392290,65.406280,65.420230,65.433980,65.447850,65.461530,65.475560,65.489400,65.503490,65.517540,65.531590,65.545460,65.559410,65.573030,65.586940,65.600720,65.614800,65.628770,65.642700,65.656560,65.670680,65.685010,65.698680,65.712720,65.726700,65.740650,65.754500",
    "distance_from_target": 0.12170488387346268,
    "total_score": 46,
    "step_0_time": 64.960678100585938,
    "step_1_time": 65.0199966430664,
    "step_2_time": 65.754501342773438
}