{
    "experiment": "projectile_experiment ",
    "ppid": "123",
    "session_num": 1,
    "trial_num": 44,
    "block_num": 8,
    "trial_num_in_block": 2,
    "start_time": 167.66441345214844,
    "end_time": 171.91062927246094,
    "hand": "r",
    "target_hit": true,
    "type": "projectile",
    "target_position": {
        "x": 0,
        "y": -0.0820000022649765,
        "z": 1.1540000438690186
    },
    "target_angle": 0,
    "launch_direction": {
        "x": -0.08686896413564682,
        "y": 0.3103821873664856,
        "z": 0.94663441181182861
    },
    "water_current_x": 0,
    "water_current_z": 0,
    "launch_angle": 18.802640914916992,
    "launch_angle_error": 18.802640914916992,
    "ball_pos_x": "-0.002229,-0.006688,-0.008917,-0.011146,-0.015605,-0.017834,-0.021824,-0.023418,-0.025011,-0.028195,-0.029788,-0.032972,-0.034565,-0.036157,-0.039342,-0.040934,-0.044119,-0.045711,-0.047303,-0.050488,-0.052080,-0.053673,-0.056857,-0.058450,-0.061635,-0.063227,-0.064819,-0.068004,-0.069596,-0.072781,-0.074373,-0.075966,-0.079150,-0.080743,-0.083927,-0.085520,-0.087112,-0.090297,-0.091889,-0.095074,-0.096666,-0.098258,-0.099851",
    "ball_pos_z": "0.024293,0.072879,0.097173,0.121466,0.170052,0.194345,0.237827,0.255194,0.272546,0.307251,0.324603,0.359308,0.376660,0.394012,0.428717,0.446069,0.480773,0.498126,0.515478,0.550182,0.567534,0.584887,0.619591,0.636943,0.671648,0.689000,0.706352,0.741057,0.758409,0.793113,0.810466,0.827818,0.862522,0.879875,0.914579,0.931931,0.949284,0.983988,1.001340,1.036045,1.053397,1.070749,1.088101",
    "ball_time": "169.807400,169.821400,169.835300,169.849300,169.863200,169.878100,169.891000,169.904900,169.918800,169.932900,169.946700,169.960600,169.974400,169.988400,170.002400,170.016300,170.030300,170.044300,170.058000,170.071900,170.085900,170.099800,170.113900,170.127700,170.141500,170.155800,170.169500,170.183400,170.197300,170.211200,170.225100,170.239100,170.253000,170.266900,170.281000,170.294700,170.308700,170.322800,170.336700,170.350500,170.364500,170.378400,170.392300",
    "distance_from_target": 0.13835854828357697,
    "total_score": 91,
    "step_0_time": 169.73765563964844,
    "step_1_time": 169.80000305175781,
    "step_2_time": 170.392333984375
}