{
    "experiment": "projectile_experiment ",
    "ppid": "123",
    "session_num": 1,
    "trial_num": 47,
    "block_num": 8,
    "trial_num_in_block": 5,
    "start_time": 180.37391662597656,
    "end_time": 183.939697265625,
    "hand": "r",
    "target_hit": true,
    "type": "projectile",
    "target_position": {
        "x": 0.20348133146762848,
        "y": -0.0820000022649765,
        "z": 1.1540000438690186
    },
    "target_angle": 10,
    "launch_direction": {
        "x": 0.10071803629398346,
        "y": 0.08797946572303772,
        "z": 0.99101740121841431
    },
    "water_current_x": 0,
    "water_current_z": 0,
    "launch_angle": 7.6853604316711426,
    "launch_angle_error": -2.3146395683288574,
    "ball_pos_x": "0.002450,0.007349,0.009799,0.014698,0.017148,0.019598,0.023979,0.025730,0.029230,0.030980,0.032729,0.036229,0.037979,0.041479,0.043228,0.044978,0.048478,0.050228,0.053727,0.055477,0.057227,0.060726,0.062476,0.064226,0.067726,0.069475,0.072975,0.074725,0.076475,0.079974,0.081724,0.085224,0.086973,0.088723,0.092223,0.093973,0.097472,0.099222,0.100972,0.104472,0.106221,0.109721",
    "ball_pos_z": "0.024104,0.072312,0.096417,0.144625,0.168729,0.192833,0.235942,0.253173,0.287608,0.304825,0.322042,0.356477,0.373694,0.408129,0.425346,0.442563,0.476998,0.494215,0.528649,0.545867,0.563084,0.597519,0.614736,0.631953,0.666388,0.683605,0.718040,0.735257,0.752474,0.786909,0.804126,0.838561,0.855778,0.872995,0.907430,0.924647,0.959081,0.976299,0.993516,1.027951,1.045168,1.079602",
    "ball_time": "181.849500,181.863400,181.877400,181.891300,181.905300,181.919100,181.933100,181.947000,181.960900,181.975000,181.989600,182.002800,182.016700,182.030600,182.044500,182.058300,182.072300,182.086300,182.100100,182.114100,182.128100,182.142000,182.155800,182.169800,182.183800,182.197600,182.211600,182.225500,182.239400,182.253400,182.267200,182.281300,182.295100,182.309100,182.323000,182.336900,182.350700,182.364700,182.378600,182.392600,182.406700,182.420500",
    "distance_from_target": 0.13840620219707489,
    "total_score": 102,
    "step_0_time": 181.7659912109375,
    "step_1_time": 181.83999633789063,
    "step_2_time": 182.4205322265625
}