{
    "experiment": "projectile_experiment ",
    "ppid": "123",
    "session_num": 1,
    "trial_num": 13,
    "block_num": 3,
    "trial_num_in_block": 1,
    "start_time": 56.706802368164063,
    "end_time": 59.4617919921875,
    "hand": "r",
    "target_hit": true,
    "type": "projectile",
    "target_position": {
        "x": 0.20348133146762848,
        "y": -0.0820000022649765,
        "z": 1.1540000438690186
    },
    "target_angle": 10,
    "launch_direction": {
        "x": 0.2016596794128418,
        "y": 0.27804195880889893,
        "z": 0.93916243314743042
    },
    "water_current_x": 0,
    "water_current_z": 0,
    "launch_angle": 20.088630676269531,
    "launch_angle_error": 10.088630676269531,
    "ball_pos_x": "0.004800,0.014400,0.019200,0.024000,0.033600,0.038400,0.046924,0.050355,0.053783,0.060640,0.064069,0.070926,0.074355,0.077783,0.084640,0.088069,0.094926,0.098355,0.101783,0.108640,0.112069,0.118926,0.122355,0.125783,0.132640,0.136069,0.139497,0.146355,0.149783,0.156640,0.160069,0.163497,0.170354,0.173783,0.180640,0.184069,0.187497,0.194354,0.197783,0.204640,0.208069,0.211497,0.218354,0.221783,0.228640,0.232069",
    "ball_pos_z": "0.022354,0.067063,0.089417,0.111772,0.156480,0.178835,0.218532,0.234510,0.250477,0.282412,0.298380,0.330314,0.346282,0.362249,0.394184,0.410151,0.442086,0.458054,0.474021,0.505956,0.521923,0.553858,0.569825,0.585793,0.617727,0.633695,0.649662,0.681597,0.697564,0.729499,0.745466,0.761434,0.793369,0.809336,0.841271,0.857238,0.873205,0.905140,0.921107,0.953042,0.969010,0.984977,1.016912,1.032879,1.064814,1.080781",
    "ball_time": "57.318470,57.331820,57.345600,57.359560,57.373380,57.387320,57.401230,57.415190,57.429000,57.442990,57.456890,57.470970,57.484780,57.498810,57.512550,57.527410,57.540550,57.554510,57.568430,57.582420,57.596210,57.610190,57.624130,57.638000,57.651950,57.665910,57.679760,57.693890,57.707610,57.721780,57.735480,57.749510,57.763310,57.777190,57.791210,57.804930,57.818900,57.832740,57.846950,57.860660,57.874970,57.888870,57.902960,57.917040,57.930910,57.944940",
    "distance_from_target": 0.1049213632941246,
    "total_score": 36,
    "step_0_time": 57.234375,
    "step_1_time": 57.30999755859375,
    "step_2_time": 57.944938659667969
}