{
    "experiment": "projectile_experiment ",
    "ppid": "123",
    "session_num": 1,
    "trial_num": 51,
    "block_num": 9,
    "trial_num_in_block": 3,
    "start_time": 196.53727722167969,
    "end_time": 199.2989501953125,
    "hand": "r",
    "target_hit": false,
    "type": "projectile",
    "target_position": {
        "x": 0,
        "y": -0.0820000022649765,
        "z": 1.1540000438690186
    },
    "target_angle": 0,
    "launch_direction": {
        "x": -0.50304079055786133,
        "y": 0.83249944448471069,
        "z": -0.23215217888355255
    },
    "water_current_x": 0,
    "water_current_z": 0,
    "launch_angle": 103.42381286621094,
    "launch_angle_error": 103.42381286621094,
    "ball_pos_x": "-0.005446,-0.010893,-0.021785,-0.027232,-0.038124,-0.043571,-0.049017,-0.056810,-0.060700,-0.068481,-0.072371,-0.076261,-0.084041,-0.087932,-0.095712,-0.099602,-0.103493,-0.111273,-0.115163,-0.119054,-0.126834,-0.130724",
    "ball_pos_z": "-0.002513,-0.005027,-0.010054,-0.012567,-0.017594,-0.020108,-0.022621,-0.026218,-0.028013,-0.031604,-0.033399,-0.035194,-0.038785,-0.040580,-0.044171,-0.045966,-0.047762,-0.051352,-0.053148,-0.054943,-0.058534,-0.060329",
    "ball_time": "196.885300,196.899400,196.913100,196.927100,196.940900,196.954800,196.968800,196.982800,196.996600,197.010600,197.025300,197.038500,197.052400,197.066300,197.080100,197.094100,197.108000,197.122100,197.136000,197.149900,197.163800,197.177700",
    "distance_from_target": 1.2233208417892456,
    "total_score": 117,
    "step_0_time": 196.73220825195313,
    "step_1_time": 196.87998962402344,
    "step_2_time": 197.17768859863281
}