{
    "experiment": "projectile_experiment ",
    "ppid": "123",
    "session_num": 1,
    "trial_num": 10,
    "block_num": 2,
    "trial_num_in_block": 4,
    "start_time": 42.756519317626953,
    "end_time": 47.168106079101563,
    "hand": "r",
    "target_hit": false,
    "type": "projectile",
    "target_position": {
        "x": 0.20348133146762848,
        "y": -0.0820000022649765,
        "z": 1.1540000438690186
    },
    "target_angle": 10,
    "launch_direction": {
        "x": -0.054599076509475708,
        "y": 0.26021552085876465,
        "z": 0.96400558948516846
    },
    "water_current_x": 0,
    "water_current_z": 0,
    "launch_angle": 15.419353485107422,
    "launch_angle_error": 5.4193534851074219,
    "ball_pos_x": "-0.001543,-0.003086,-0.006173,-0.007716,-0.010802,-0.012345,-0.013888,-0.016245,-0.017347,-0.019552,-0.020654,-0.021757,-0.023961,-0.025063,-0.027268,-0.028370,-0.029472,-0.031677,-0.032779,-0.034984,-0.036086,-0.037188,-0.039393,-0.040495,-0.042699,-0.043802,-0.044904,-0.047108,-0.048211,-0.049313,-0.051517,-0.052620,-0.054824,-0.055926,-0.057029,-0.059233,-0.060336,-0.061438",
    "ball_pos_z": "0.027246,0.054492,0.108985,0.136231,0.190723,0.217969,0.245216,0.286827,0.306289,0.345212,0.364673,0.384135,0.423058,0.442519,0.481442,0.500904,0.520366,0.559289,0.578750,0.617673,0.637135,0.656597,0.695520,0.714981,0.753904,0.773366,0.792828,0.831751,0.851212,0.870674,0.909597,0.929059,0.967982,0.987443,1.006905,1.045828,1.065289,1.084751",
    "ball_time": "45.135820,45.149710,45.163750,45.177670,45.191700,45.206500,45.219740,45.233490,45.247460,45.260990,45.275050,45.288830,45.302910,45.316850,45.330810,45.344640,45.358560,45.372380,45.386340,45.400330,45.414420,45.428140,45.442080,45.456120,45.470050,45.483990,45.497880,45.511860,45.525750,45.539610,45.553600,45.567540,45.581540,45.595420,45.609370,45.623480,45.637170,45.650970",
    "distance_from_target": 0.28250283002853394,
    "total_score": 21,
    "step_0_time": 45.066310882568359,
    "step_1_time": 45.129997253417969,
    "step_2_time": 45.650974273681641
}